345
5475
5476
5477
5478
3772
3976
4105
4321
4663
4888
4889
4972
5086
5425
3715
4189
3981
4273
4672
4695
5026
5100
5240
5298
5302
5472
3698
4730
4640
4661
5180
3800
3817
3965
4168
4199
4207
4378
4484
4499
4638
4639
4887
4895
5000
5137
5175
5325
5453
4084
4349
4769
5197
3822
3941
3969
4038
5082
5415
5257
9105
9115
9120
9124
5893
9511
9538
9538
9542
9589
9604
9604
9606
9646
9681
9682
9721
9724
9748
9777
9796
9852
9855
9891
10032
10051
10142
10159
10159
10257
9861
9507
9507
9594
9597
9602
9620
9635
9649
9654
9659
9662
9672
9678
9693
9726
9746
9798
9801
9808
9844
9846
9878
9926
9932
9935
9949
9950
9960
10006
10019
10020
10037
10123
10174
10186
10204
10225
10254
10260
9582
9582
9610
9807
10061
10121
10175
9697
9730
9905
9621
9980
10161
9725
9553
9631
9967
9986
9512
9556
9581
9581
9584
9593
9600
9648
9657
9704
9707
9718
9733
9752
9756
9759
9764
9789
9811
9814
9879
9881
9906
9937
9946
9955
346
9963
9966
9971
9989
9991
10015
10033
10042
10124
10126
10126
10127
10160
10160
10169
10194
10211
10221
10240
10262
10269
10144
9627
10172
9623
9630
9822
9849
9856
9864
9872
9875
9904
9956
10025
10026
10038
10059
10066
10089
10141
10082
10162
10187
10205
10205
9783
9918
9945
9970
10017
10125
10179
10274
9541
9671
10258
352
40472
40478
40497
40426
99664
40514
40351
40441
40477
40434
40500
40525
40507
40513
40347
73483
73498
73504
73595
73723
73737
73565
73693
73434
73484
73484
73495
73561
73567
73569
58407
73618
73645
73653
73678
73679
73699
73716
73743
73744
73650
92640
73582
73750
73751
73755
73763
73641
73664
98930
98989
99021
98940
5899
99023
98948
98983
98936
98985
98999
99030
99054
99059
98944
99012
98955
142495
89096
89098
143958
144166
144113
144028
144177
144158
143907
143912
144189
143924
143899
143909
143913
143931
144011
144029
144047
144088
144119
144133
144144
144146
144157
144063
144171
144174
143928
144125
144191
143957
143963
144106
144128
144185
144103
143930
144161
144186
143921
144085
143962
144105
144140
143903
143947
143964
144197
143917
144135
144150
144118
144065
144095
144018
144031
144169
144016
144145
144097
144149
143927
143927
143977
144074
10402
10883
10475
11663
10486
10486
10499
10508
10508
10520
10922
11289
10553
11688
10646
11594
10781
10801
10998
11117
10856
11586
10665
11015
11325
10456
11050
10728
11067
11657
11058
11360
11392
10627
10632
11131
10643
10993
11134
11023
11165
11188
10731
11259
10451
10664
11306
10631
11132
11600
10473
10786
11394
11394
11427
10446
11452
11461
11377
11109
10491
11710
11683
11709
11770
89718
120822
124335
124337
124348
124341
57275
57478
57671
57917
59970
57970
58194
73927
58259
58303
58399
58407
58410
58453
58719
58731
58735
58848
59034
59155
59389
59392
59488
59614
59796
59831
59950
59992
60014
60219
60226
60259
60298
60306
60349
60352
60650
60666
60735
60817
57485
57216
57246
57260
57366
57404
58246
58290
58369
58380
58450
58570
58611
58704
58724
59232
59705
59937
58285
58971
58846
57434
57440
57454
58300
59610
59923
60187
57548
57653
60622
57707
57363
58838
59504
57779
57798
57830
59788
57937
58118
60581
59631
58093
57852
57939
58218
58432
59733
60469
60481
57634
57698
59632
58275
58191
59678
59350
59335
59667
60175
58497
57688
57927
58030
58948
59178
60219
60650
57453
60653
57930
57726
57831
58314
58315
58705
59080
139535
60636
57465
57929
57984
58148
58992
59028
59311
57610
60050
60051
59625
57257
58456
59854
60217
60226
58725
58727
59978
58817
58803
60239
60282
60595
58911
58974
57328
57840
57917
9662
58506
58617
59911
57571
57576
59132
59873
59174
58411
59202
60084
59385
58228
59397
57547
59230
60225
60241
59480
58645
57926
60679
60298
60293
59679
59700
57402
59728
59580
60512
57460
60076
60156
57456
57696
60398
60615
60659
59384
60829
59810
60300
60344
58580
60314
59172
60248
60306
60291
60780
59622
60769
57704
58350
58745
58913
57944
58110
57716
59408
59614
60586
60331
57973
60194
60362
60388
60403
60555
60631
60776
57320
57607
58509
60801
58919
60545
60710
60054
60377
96865
60552
60797
60806
57655
57697
58248
59171
60120
58845
59536
59539
60830
59249
57847
60373
57405
58503
59528
59641